20.2103,28.0765,521.6473
20.4010,27.8475,513.4240
20.4772,27.8732,508.8615
20.4785,27.9949,504.3074
20.5137,28.1946,503.8202
20.5263,28.4376,503.9072
20.5288,28.7244,508.3138
20.4834,28.9438,511.0177
20.4368,29.0773,514.9427
20.3619,29.1843,517.6581
20.2764,29.3290,520.7593
20.1686,29.5372,521.3250
20.0561,29.8496,520.7577
19.9305,30.2531,517.1498
19.8098,30.7097,511.0480
19.6924,31.1910,503.0345
19.5844,31.6782,494.1270
19.4877,32.1519,484.9521
19.4051,32.5971,476.1803
19.3351,33.0047,468.3951
19.2757,33.3701,462.0690
19.2246,33.6925,457.5059
19.1805,33.9741,454.8582
19.1422,34.2197,454.1263
19.1083,34.4345,455.1751
19.0773,34.6273,457.6614
19.0480,34.7959,461.3085
19.0185,34.9437,466.2680
18.9863,35.0737,471.7291
18.9532,35.2005,477.4578
18.9178,35.3204,483.2430
18.8804,35.4235,488.2695
18.8434,35.5045,488.6036
18.8147,35.5677,486.8215
18.7756,35.6426,483.2900
18.7323,35.7388,478.8335
18.6865,35.8578,473.8392
18.6400,36.0043,468.9592
18.5893,36.1784,464.3673
18.5329,36.3749,460.1131
18.4702,36.5890,456.1992
18.4011,36.8183,452.6665
18.3256,37.0620,449.5351
18.2435,37.3188,446.8090
18.1549,37.5871,444.4727
18.0599,37.8650,442.4950
17.9584,38.1502,440.8304
17.8509,38.4408,439.4250
17.7376,38.7352,438.2225
17.6189,39.0321,437.1663
17.4951,39.3305,436.2062
17.3667,39.6298,435.3143
17.2339,39.9294,434.5118
17.0987,40.2112,433.7481
16.9633,40.4705,433.5114
16.8270,40.7112,434.6566
16.6900,40.9342,435.1247
16.5605,41.1335,436.4181
16.4306,41.3126,437.9187
16.3041,41.4685,439.7633
16.1809,41.6006,441.6696
16.0636,41.6986,443.6677
15.9585,41.7083,445.5671
15.8607,41.7307,448.0374
15.7646,41.7983,450.4736
15.6731,41.8964,452.3162
15.5858,42.0169,453.8817
15.4997,42.1635,455.3386
15.4145,42.3418,456.9572
15.3307,42.5469,458.6865
15.2496,42.7679,460.4092
15.1799,42.6765,415.4240
15.2088,42.6743,414.4975
15.0424,42.9957,414.2289
14.9685,43.2766,419.6464
14.9331,43.4554,419.4587
14.9331,43.6097,420.9531
14.8969,43.7786,426.1401
14.8391,43.9804,438.8494
14.7807,44.1860,451.1556
14.7524,44.3432,460.6382
14.7391,44.4235,466.2354
14.7182,44.4914,472.4940
14.6728,44.5519,470.3726
14.6383,44.5018,449.0361
14.6261,44.4333,429.1950
14.5718,44.5361,425.9346
14.4966,44.7140,425.7102
14.4817,45.0415,468.9005
14.4128,45.2121,470.8702
14.5137,45.1109,468.8990
14.5397,45.0406,463.8190
14.5117,45.0229,463.6568
14.4568,45.0012,461.3921
14.4500,44.9673,459.4253
14.4640,44.9664,457.4528
14.4744,44.9899,456.1688
14.4720,45.0180,455.1181
14.4640,45.0274,454.0933
14.4592,45.0304,453.1458
14.4594,45.0388,452.3224
14.4619,45.0552,451.6666
14.4640,45.0766,451.1368
14.4648,45.0995,450.7009
14.4643,45.1228,450.3393
14.4628,45.1469,450.0428
14.4603,45.1725,449.8009
14.4571,45.2000,449.6042
14.4531,45.2293,449.4445
14.4485,45.2601,449.3155
14.4432,45.2920,449.2132
14.4369,45.4484,450.5775
14.4281,45.7594,451.0373
14.4271,46.1934,450.5771
14.4281,46.7566,450.1852
14.4293,47.4241,447.7903
14.4405,48.1474,445.3665
14.4632,48.8448,440.8281
14.5020,49.4334,437.3862
14.5478,49.8194,433.7567
14.6105,49.9554,432.2789
14.6739,49.9649,432.5140
14.7336,49.8925,434.2463
14.7855,49.7750,437.1376
14.8231,49.6864,441.9606
14.8405,49.6786,448.2206
14.8391,49.7752,455.0338
14.8268,49.7073,417.7802
14.8577,50.2057,499.0401
14.5617,51.5631,604.1459
14.4824,52.8035,750.3650
14.4183,53.7013,819.5922
14.5784,54.2596,908.3756
14.4172,54.9626,977.2655
14.2642,55.6609,1045.1483
13.9216,56.6763,1091.1284
13.6115,57.8144,1087.3501
13.4302,58.5654,1072.5372
13.1353,59.4575,1072.5939
13.0296,59.2285,822.0602
13.1237,58.8976,689.5273
12.4065,58.9206,595.2477
12.0340,59.4030,586.4309
11.7240,60.1201,646.0623
11.6939,60.9779,722.5668
12.0224,61.7967,779.6331
12.3538,62.0051,808.4792
12.5198,61.9798,820.9877
12.4639,62.2179,827.1735
12.2573,62.6289,835.3618
12.0476,63.1841,850.4462
11.8946,63.6182,756.7314
12.0151,63.7266,690.6161
11.7584,64.1113,635.8585
11.4497,64.8164,629.0450
11.2025,65.4517,644.8090
11.1931,65.9931,661.4038
11.2933,66.3156,667.2247
11.3603,66.4447,662.4324
11.3685,66.5011,658.0209
11.3248,66.5740,663.6358
11.2744,66.6500,676.9754
11.2725,66.6829,693.2494
11.3158,66.6867,708.3838
11.3689,66.6905,721.1551
11.3908,66.7055,732.0527
11.3745,66.7753,743.3696
11.3343,66.9264,754.2002
11.2918,67.1144,759.9529
11.2551,67.3028,763.8401
11.2052,67.5011,767.7564
11.1459,67.7044,771.4792
11.0869,67.8654,770.9260
11.0366,67.9599,767.6511
10.9846,68.0059,764.3251
10.9345,68.0232,762.7863
10.8909,67.9990,759.2978
10.8630,67.9080,757.5963
10.8345,67.8000,755.1346
10.8173,67.6843,753.3245
10.8003,67.5501,752.9034
10.7851,67.4243,753.3583
10.7752,67.3185,753.7805
10.7684,67.2391,754.5998
10.7597,67.1991,757.0963
10.7470,67.2023,760.2893
10.7353,67.2378,763.3206
10.7294,67.1765,706.0125
10.7791,66.9758,660.1071
10.6519,66.8618,619.9797
10.5474,66.7996,599.6973
10.4754,66.7203,612.5038
10.4913,66.6324,623.0045
10.6260,66.5094,627.2516
10.7368,66.3263,623.5069
10.8065,66.1606,619.5775
10.8330,66.0278,617.1444
10.8477,65.9534,617.6365
10.8764,65.8533,619.2345
10.9259,65.7164,621.6179
10.9801,65.5560,624.3219
11.0240,65.3604,626.5889
11.0556,65.1554,628.4075
11.0823,64.9466,631.3438
11.1088,64.7399,637.6453
11.1377,64.5422,645.7426
11.1744,64.3424,654.0533
11.2135,64.1401,660.5241
11.2476,63.9483,663.2668
11.2721,63.7565,664.3100
11.2799,63.6054,665.0962
11.2762,63.5150,664.7366
11.2702,63.4470,660.7960
11.2624,63.3985,655.1121
11.2430,63.3861,649.1631
11.2156,63.4022,642.6746
11.1873,63.4341,633.9142
11.1650,63.4345,624.4055
11.1437,63.4362,614.6439
11.1248,63.4656,605.8752
11.1077,63.5288,598.7624
11.0962,63.6032,592.9828
11.0924,63.6742,587.2507
11.0948,63.7297,580.2950
11.0995,63.7624,570.8584
11.1015,63.7711,562.1373
11.0954,63.7640,555.9396
11.0880,63.8051,548.0130
11.0894,63.8513,542.9019
11.0929,63.8436,538.1463
11.1033,63.8140,534.2540
11.1149,63.8627,530.8806
11.1287,63.9495,526.6119
11.1425,64.0449,521.5214
11.1522,64.1373,516.7228
11.1583,64.2105,511.4134
11.1635,64.2525,504.3101
11.1683,64.2715,496.1063
11.1692,64.2724,487.6519
11.1671,64.2544,478.8088
11.1668,64.2218,467.9985
11.1708,64.2189,455.0822
11.1810,64.2277,442.9980
11.1943,64.2971,428.0386
11.2126,64.3920,408.2816
11.2408,64.3950,385.1464
11.2748,64.3194,362.9802
11.3157,64.2415,356.7814
11.3584,64.0884,352.9767
11.4359,63.7349,348.1097
11.5374,63.2977,343.8964
11.6307,62.8795,342.7503
11.7069,62.5324,348.4766
11.7804,62.2855,367.9997
11.8713,62.0015,391.6655
11.9803,61.6570,395.3030
12.1349,61.2164,413.7539
12.2401,61.0064,434.6408
12.3177,60.8289,461.1467
12.4132,60.6221,488.0831
12.5309,60.3586,523.9925
12.6223,60.4006,583.3256
12.6788,60.4738,631.3958
12.7533,60.3405,671.4393
12.7774,60.4389,705.7429
12.7499,60.6070,749.1979
12.6734,60.7085,794.6518
12.6127,60.7572,820.0763
12.5867,60.7602,825.3688
12.5202,60.7890,811.3707
12.4062,60.8358,799.4860
12.2713,60.6271,666.7472
12.1774,60.6443,608.3203
11.7240,61.0852,565.7829
11.5424,61.6765,545.8235
11.4360,62.1086,572.3082
11.4035,62.2590,601.3417
11.5327,62.2441,618.5783
11.6588,62.0322,624.1467
11.7425,61.8494,626.4674
11.7520,61.7854,631.9155
11.7242,61.8087,640.6573
11.7116,61.8428,653.1141
11.7221,61.8678,666.7184
11.7430,61.8489,677.2917
11.7468,61.7915,683.9832
11.7229,61.7630,687.9991
11.6827,61.7921,690.8066
11.6382,61.8478,692.7559
11.5926,61.9609,693.0500
11.5477,62.1238,694.3444
11.5016,62.2487,633.3929
11.4917,62.4152,585.0957
11.2978,62.7962,545.4247
11.1326,63.0393,537.2356
11.0430,63.2560,540.3718
11.0804,63.4324,545.2977
11.1597,63.4889,546.9445
11.2241,63.4331,544.4924
11.2606,63.3734,538.3449
11.2744,63.3387,531.5262
11.2813,63.2664,525.9915
11.2941,63.1829,522.2271
11.3149,63.1353,519.4330
11.3400,63.0627,516.0676
11.3591,62.9683,512.2356
11.3676,62.8875,507.8752
11.3701,62.8397,501.9886
11.3708,62.8286,494.2029
11.3719,62.8221,486.2020
11.3775,62.7606,479.3159
11.3841,62.7214,470.5244
11.3960,62.7127,459.8448
11.4081,62.7553,447.0836
11.4154,62.8670,434.2361
11.4166,63.0533,421.0447
11.4174,63.3132,405.9963
11.4237,63.5750,388.4969
11.4361,63.7897,371.6772
11.4528,63.9181,354.7454
11.4847,63.8717,336.2359
11.5348,63.6525,318.1805
11.6077,63.2624,306.8076
11.6978,62.7085,304.9934
11.7713,62.3166,314.7968
11.8218,61.9882,316.8745
11.9087,61.5785,318.5798
11.9983,61.1428,322.9003
12.0650,60.7297,331.6578
12.1682,60.2273,355.4336
12.3237,59.5851,386.4167
12.4964,58.9306,392.5911
12.6819,58.4740,406.2847
12.7935,58.3142,424.0272
12.8482,58.1481,443.5050
12.9276,57.8835,476.5263
12.9871,58.1231,514.5450
13.0304,58.3962,556.6791
13.0457,58.5903,597.4565
13.0242,58.7649,630.4500
12.9808,58.8414,648.9666
12.9154,58.8884,654.3879
12.8165,58.9804,659.3934
12.6855,59.1025,581.4680
12.5845,59.2833,534.7597
12.3020,59.8240,502.1707
12.1020,60.3221,505.9650
12.0052,60.6873,531.2820
12.0271,60.7996,576.6979
12.0849,60.7702,603.4774
12.2065,60.6314,631.1522
12.2873,60.7069,644.9363
12.3440,61.0405,660.9274
12.3374,61.6360,677.0984
12.3186,62.4180,690.9206
12.3024,63.3060,707.1563
12.2682,64.3871,724.2834
12.2122,65.6675,741.6607
12.1329,66.9410,755.5574
12.0482,68.1615,771.7077
11.9527,69.3952,788.2238
11.8690,70.6591,800.6690
11.7780,72.1013,811.3583
11.6527,73.5469,817.2352
11.5096,74.7183,813.1764
11.3670,75.4652,804.9930
11.2215,76.0397,790.9980
11.1402,76.2943,689.7928
11.0953,76.3843,655.3090
10.9159,76.1303,606.6348
10.9323,75.7691,590.7025
10.9230,75.6445,606.4075
11.0075,75.6300,624.1569
11.1918,75.4076,632.1043
11.3477,74.8844,630.5697
11.4563,74.2837,628.3262
11.5083,73.7801,625.5041
11.5420,73.4504,623.1042
11.5798,73.3130,621.9156
11.6220,73.3489,622.3414
11.6559,73.5004,622.1508
11.6667,73.7053,621.8740
11.6560,73.9390,621.4877
11.6684,73.9552,578.6953
11.7113,73.6961,544.0496
11.6949,73.4930,516.2712
11.6907,73.3271,506.0660
11.7368,73.2225,502.4067
11.8432,73.0613,506.4276
11.9659,72.7632,508.9210
12.0831,72.3027,509.5847
12.1858,71.7510,508.2397
12.2753,71.2026,506.4888
12.3561,70.7355,505.1976
12.4319,70.3821,504.7886
12.5015,70.1395,505.1027
12.5594,69.9837,505.7740
12.6047,69.8524,506.4733
12.6407,69.7172,506.8706
12.6701,69.6187,507.1675
12.6982,69.5546,508.3832
12.7280,69.4958,509.4529
12.7614,69.4161,510.6484
12.7963,69.3111,511.6226
12.8268,69.2330,514.4757
12.8526,69.1610,516.0013
12.8795,69.0719,518.1801
12.9040,68.9761,520.6232
12.9279,68.8672,522.6788
12.9515,68.7515,523.7938
12.9747,68.6481,524.1899
12.9960,68.5351,524.9757
13.0149,68.4130,524.8200
13.0340,68.2846,524.5121
13.0519,68.1603,524.1453
13.0694,68.0405,524.1135
13.0873,67.9221,524.3233
13.1068,67.8012,524.6821
13.1277,67.6765,525.0580
13.1494,67.5474,525.1272
13.1711,67.4123,524.4995
13.1916,67.2739,523.5468
13.2102,67.1382,522.6134
13.2279,67.0049,521.5939
13.2460,66.8685,519.8161
13.2648,66.7289,517.5638
13.2823,66.5866,515.2422
13.2989,66.4357,512.7468
13.3167,66.2698,510.0438
13.3365,66.0891,507.2704
13.3582,65.8971,504.5656
13.3813,65.6990,501.9195
13.4032,65.5026,499.1285
13.4232,65.3153,496.6017
13.4401,65.1546,494.0885
13.4561,65.0208,492.1777
13.4720,64.9056,490.0467
13.4893,64.8054,488.1629
13.5067,64.7112,485.7968
13.5252,64.6039,482.7991
13.5437,64.4732,478.7184
13.5620,64.3202,474.1939
13.5796,64.1530,469.6125
13.5997,63.9771,463.9231
13.6233,63.7908,457.6210
13.6481,63.5941,451.2055
13.6735,63.3928,444.6981
13.7003,63.1911,438.1527
13.7297,62.9904,431.3925
13.7616,62.7917,424.5806
13.7950,62.5966,417.8012
13.8297,62.4025,410.8032
13.8657,62.2108,403.0936
13.9029,62.0314,394.7978
13.9423,61.8360,386.8869
13.9838,61.6199,378.4731
14.0298,61.3865,369.6365
14.0794,61.1492,360.7387
14.1296,60.9257,351.9346
14.1866,60.7576,354.7873
14.2423,60.5876,359.2990
14.3327,60.3326,367.7612
14.4447,60.0509,375.8447
14.5518,59.7001,364.0280
14.6571,59.3375,350.4288
14.7096,59.1079,334.6434
14.7262,58.9795,320.0551
14.7519,59.0200,322.7988
14.7848,59.0547,323.5724
14.8655,58.9513,323.4423
14.9578,58.8141,324.2329
15.0310,58.5766,327.4435
15.1012,58.1011,334.4615
15.2030,57.3521,352.8577
15.3369,56.3195,376.8898
15.4937,54.9991,377.3990
15.7072,53.4962,394.7715
15.8601,52.0001,430.7056
15.9762,50.6208,464.3167
16.1388,49.2745,514.6846
16.2250,48.6048,543.8630
16.2917,47.9981,579.2439
16.2510,47.4871,614.1696
16.1792,47.0627,645.3730
16.1369,46.3673,679.5879
16.0935,45.9897,708.4528
16.0806,45.6784,733.2299
16.0530,45.5256,755.5672
15.9937,45.4326,768.6075
15.9131,45.2525,775.8693
15.7908,44.9902,784.9666
15.6406,44.5429,690.1697
15.6580,44.2432,637.2356
15.2346,44.2963,594.4432
15.0114,44.4249,581.4392
14.8284,44.5332,621.8784
14.7165,44.7288,661.0388
14.8295,44.9228,687.0358
14.9055,44.9961,704.0539
14.8701,45.6516,734.8693
14.6925,46.6018,749.7296
14.5623,47.3583,767.2957
14.3432,48.0430,781.5466
14.1409,48.7739,795.3424
13.9393,49.3900,795.8906
13.7522,49.9075,780.8537
13.5317,50.3300,755.3155
13.2823,50.6327,656.9630
13.0762,51.2741,628.7422
12.5209,52.5663,622.8243
12.2767,53.7280,590.2179
12.1777,54.1280,544.9656
11.9787,53.7034,526.8607
11.7587,53.3577,498.8382
11.6685,53.3781,481.5563
11.5991,53.5932,479.6306
11.5865,53.7786,477.5676
11.6279,53.7769,471.3826
11.6784,53.6714,462.1642
11.7135,53.6469,457.6539
11.7218,53.7706,456.2607
11.7320,54.0061,457.7468
11.7505,54.2607,458.8488
11.7770,54.6547,482.1501
11.7674,55.1679,506.4182
11.7886,55.6256,532.9770
11.8148,55.8972,562.1790
11.8144,55.9520,549.7123
11.8352,55.8784,533.5143
11.7686,55.9436,525.5862
11.6585,56.0945,524.4463
11.5787,56.1719,522.7466
11.5479,56.2982,519.4048
11.5176,56.5044,516.3012
11.4608,56.7229,513.5363
11.3915,56.9015,510.9744
11.3280,57.0358,507.7501
11.2820,57.1569,504.7589
11.2454,57.2667,502.1151
11.2160,57.1649,469.3708
11.2227,56.9113,443.9719
11.1734,56.7655,422.6509
11.1393,56.6210,411.7789
11.1284,56.6790,415.9216
11.1349,56.8218,419.3454
11.1693,56.8785,419.2787
11.2076,56.8326,416.5034
11.2367,56.7246,413.8370
11.2558,56.5949,411.6040
11.2811,56.4787,410.1109
11.3143,56.3954,409.1483
11.3480,56.3427,408.2466
11.3755,56.3042,406.8916
11.3934,56.2645,405.2527
11.4044,56.2224,403.5653
11.4135,56.1804,401.8414
11.4246,56.1371,399.9223
11.4382,56.0901,397.9232
11.4529,56.0362,395.9167
11.4674,55.9699,393.7017
11.4823,55.8859,390.9789
11.4983,55.7862,388.0693
11.5148,55.6776,385.2085
11.5318,55.5637,382.4094
11.5500,55.4454,379.5451
11.5698,55.3245,376.6622
11.5905,55.2037,373.8066
11.6115,55.0810,370.5122
11.6334,54.9512,366.1570
11.6568,54.8199,361.4636
11.6794,54.6977,356.9531
11.7008,54.5848,352.4366
11.7233,54.4727,347.4915
11.7484,54.3613,342.3799
11.7739,54.2552,337.3217
11.7988,54.1543,332.6268
11.8239,54.0554,328.3154
11.8505,53.9539,324.1961
11.8790,53.8613,320.1400
11.9089,53.7782,316.4289
11.9388,53.7020,313.7260
11.9670,53.6260,311.5141
11.9962,53.5427,309.3325
12.0275,53.4533,307.4110
12.0586,53.3653,306.3245
12.0872,53.2777,305.6395
12.1159,53.1857,304.9838
12.1457,53.0901,304.3013
12.1751,52.9952,303.7312
12.2024,52.9032,303.2523
12.2280,52.8150,302.8244
12.2547,52.6024,301.8467
12.2868,52.1899,301.6705
12.3246,51.5484,302.8994
12.3677,50.7107,303.4040
12.4209,49.8148,304.5275
12.4738,48.9961,304.7675
12.5249,48.3436,304.1435
12.5717,47.8825,302.7321
12.6134,47.5684,301.0956
12.6491,47.3642,299.5455
12.6772,47.2960,297.9820
12.6985,47.3573,296.0328
12.7161,47.4956,293.9303
12.7304,47.6592,292.0045
12.7420,47.8105,290.2975
12.7539,47.9230,288.7693
12.7687,47.9826,287.7886
12.7861,47.9857,287.8774
12.8051,47.9297,288.4849
12.8277,47.8175,289.1251
12.8543,47.6627,289.8071
12.8819,47.4845,290.8084
12.9082,47.2984,291.9450
12.9339,47.1170,293.0277
12.9595,46.9512,293.9819
12.9840,46.8084,294.8177
13.0060,46.6918,295.5529
13.0255,46.6003,296.2024
13.0430,46.5305,296.7792
13.0589,46.4771,297.2943
13.0738,46.4338,297.7587
13.0878,46.3940,298.1841
13.1012,46.3512,298.4172
13.1147,46.2993,298.2454
13.1287,46.2379,297.9081
13.1423,46.1689,297.6043
13.1553,46.0930,297.2764
13.1687,46.0100,296.7354
13.1834,45.9226,296.0981
13.1981,45.8342,295.4761
13.2121,45.7465,294.7926
13.2262,45.6595,293.8782
13.2408,45.5757,292.8706
13.2552,45.4974,291.8927
13.2688,45.4242,290.8139
13.2823,45.3536,289.3891
13.2965,45.2865,287.8309
13.3102,45.2244,286.3288
13.3228,45.1668,284.9368
13.3353,45.1121,283.6218
13.3483,45.0585,282.3521
13.3619,45.0047,281.1129
13.3755,44.9484,279.7389
13.3893,44.8878,278.0111
13.4037,44.8249,276.1650
13.4174,44.7630,274.3991
13.4303,44.7035,272.7619
13.4433,44.6463,271.2097
13.4570,44.5910,269.7004
13.4711,44.5367,268.2141
13.4850,44.4811,266.4753
13.4990,44.4215,264.1167
13.5138,44.3612,261.5258
13.5274,44.3050,259.0354
13.5394,44.2545,256.7819
13.5515,44.2089,254.7689
13.5646,44.1657,252.8486
13.5789,44.1219,250.9207
13.5937,44.0756,248.9703
13.6085,44.0261,247.0282
13.6231,43.9739,245.1234
13.6380,43.9198,243.2676
13.6530,43.8616,240.9665
13.6690,43.7956,237.5330
13.6870,43.7286,233.6311
13.7020,43.6684,229.8655
13.7141,43.6102,226.1791
13.7297,43.5346,222.0450
13.7526,43.4371,217.4298
13.7749,43.3955,214.9896
13.7848,43.3437,210.8473
13.8136,43.2618,207.5919
13.8427,43.1481,205.2250
13.8736,43.0100,203.5943
13.9042,42.9097,203.1507
13.9346,42.8026,202.1289
13.9767,42.6708,201.8444
14.0171,42.5167,201.8754
14.0587,42.3512,202.2319
14.1028,42.1780,203.0033
14.1492,41.9979,204.0204
14.1979,41.8119,205.2112
14.2525,41.5875,206.6086
14.3033,41.3936,206.3303
14.3587,41.2493,204.9247
14.4164,41.1434,206.2279
14.4574,40.9988,206.4616
14.5082,40.8785,204.6783
14.5677,40.8088,204.2296
14.6131,40.7430,204.3809
14.6542,40.6589,203.6272
14.6999,40.5678,202.4004
14.7422,40.4738,201.3134
14.7772,40.3771,200.4317
14.8086,40.2821,199.5620
14.8398,40.1943,198.5526
14.8714,40.1149,197.5879
14.9017,40.0426,196.6898
14.9301,39.9760,195.5052
14.9581,39.9152,193.6520
14.9851,39.8779,191.2670
15.0035,39.8531,185.2767
15.0261,39.8397,177.0345
15.0328,39.8299,165.9893
15.0287,39.8339,152.7209
15.0295,39.8620,142.9272
15.0148,39.8780,133.3976
15.0298,39.8886,121.4951
15.0875,39.8394,109.8022
15.1510,39.7774,104.6685
15.1777,39.7664,101.2188
15.2581,39.9404,103.0572
15.3441,40.0105,97.8103
15.5318,40.0954,94.8936
15.6382,40.1143,93.4178
15.7377,40.0711,92.8911
15.8539,39.9510,93.2499
15.9822,39.7619,94.2062
16.1145,39.5054,95.7100
16.2448,39.1832,97.8035
16.3724,38.8029,100.4173
16.5016,38.3718,103.4719
16.6352,37.8893,106.8960
16.7676,37.5139,119.2211
16.8339,37.1209,123.2826
17.0086,36.8039,128.1993
17.1151,36.4578,132.7033
17.2022,36.1174,136.7045
17.2831,35.8117,139.6531
17.3669,35.5342,143.2531
17.4396,35.2601,146.4499
17.5147,34.9968,149.4243
17.5839,34.7680,152.5775
17.6445,34.5608,155.6407
17.6970,34.3719,157.7256
17.7452,34.2161,159.9640
17.7791,34.0940,162.3506
17.8062,34.0082,164.5083
17.8320,33.9582,166.5429
17.8542,33.9383,168.4733
17.8725,33.9407,170.3008
17.8877,33.9594,172.0490
17.8995,34.0005,173.7930
17.9079,34.0601,175.4872
17.9145,34.1272,177.1528
17.9196,34.1947,178.8217
17.9232,34.2603,180.5038
17.9265,34.3193,182.3920
17.9291,34.3709,184.3225
17.9328,34.4188,186.2586
17.9363,34.4717,188.1823
17.9391,34.5291,190.0177
17.9417,34.5864,191.7849
17.9441,34.6401,193.4875
17.9468,34.6887,195.1283
17.9501,34.7313,196.7151
17.9543,34.7674,198.2563
17.9594,34.7964,199.7599
17.9633,34.8282,201.1289
17.9663,34.8562,202.2972
17.9689,34.8708,203.3819
17.9709,34.8676,204.4051
17.9732,34.8471,205.3851
17.9764,34.8107,206.3435
17.9806,34.7596,207.2978
17.9858,34.6943,208.2600
17.9917,34.6146,209.2215
17.9959,34.5457,210.2414
17.9937,34.5377,211.2890
17.9919,34.5114,212.1758
17.9939,34.4497,213.1610
17.9958,34.3747,214.1517
17.9979,34.3006,215.1245
18.0003,34.2288,216.0790
18.0027,34.1591,217.1866
18.0052,34.0948,218.8250
18.0053,34.0354,219.8323
18.0099,33.9863,220.9882
18.0106,33.9629,222.3553
18.0088,33.9434,223.4293
18.0088,33.9232,224.5021
18.0070,33.9066,225.5366
18.0035,33.8958,226.5207
17.9986,33.8900,227.4547
17.9924,33.8889,228.3491
17.9847,33.8920,229.2099
17.9755,33.8989,230.0403
17.9650,33.9096,230.8441
17.9531,33.9238,231.6244
17.9398,33.9413,232.3835
17.9252,33.9622,233.1232
17.9093,33.9863,233.8445
17.8921,34.0137,234.5481
17.8737,34.0444,235.2341
17.8538,34.0785,235.9023
17.8328,34.1161,236.5526
17.8105,34.1571,237.1846
17.7869,34.2015,237.7982
17.7620,34.2495,238.3931
17.7359,34.3008,238.9696
17.7087,34.3556,239.5279
17.6802,34.4137,240.0681
17.6504,34.4751,240.5911
17.6196,34.5397,241.0972
17.5876,34.6075,241.5872
17.5544,34.6782,242.0618
17.5202,34.7524,242.5613
17.4879,34.8013,242.2680
17.4638,34.8263,242.4727
17.4404,34.8565,245.4658
17.4080,34.8800,247.1232
17.3930,34.8920,248.4319
17.3784,34.8925,249.4848
17.3584,34.8861,250.2726
17.3349,34.8809,250.9126
17.3102,34.8869,251.7551
17.2844,34.9062,252.6951
17.2576,34.9585,254.3161
17.2066,34.9412,235.5545
17.2749,35.1596,268.9848
17.1009,35.6169,323.2189
17.0562,36.3027,380.8046
17.2158,37.1948,609.5228
16.9181,39.1534,713.4530
17.1631,38.6471,861.4911
16.8994,39.9047,918.1525
16.7799,40.3613,757.7994
16.5941,39.9519,642.1593
15.7799,41.5341,556.3437
15.2314,42.7144,537.8114
15.0390,43.0223,584.4479
15.2841,43.3027,618.7262
15.4633,43.7854,625.3469
15.3368,44.1805,609.6458
15.2104,44.4857,482.4707
15.2865,44.0937,431.5925
14.8867,44.5350,420.9357
14.7716,45.4820,400.4883
14.8963,46.5945,412.1932
14.9229,47.6176,423.7944
14.9564,48.5926,442.2078
14.9439,49.6387,457.1201
14.9795,50.8955,478.8836
14.9867,52.4632,512.0655
14.9600,54.0802,529.9298
14.9378,55.5857,552.9697
14.8379,57.4048,657.2681
14.5719,59.9495,785.8904
14.4226,62.5749,929.4728
14.3808,63.8167,1136.2170
14.0928,63.2635,886.0285
14.7962,62.1393,736.1228
14.2566,63.0607,593.5359
13.2756,63.7406,615.0309
12.6839,63.1495,658.6575
13.0423,64.0909,693.9562
13.2291,64.7466,704.3483
13.0984,64.7281,692.0721
12.9974,63.6181,577.9470
12.9784,62.4861,552.9208
12.6161,62.2448,530.0350
12.5640,62.6043,510.8674
12.6026,63.1935,538.0749
12.6171,63.7767,559.6127
12.6846,64.0937,567.8650
12.6959,64.1341,563.4171
12.7045,64.1105,558.3438
12.6818,64.1652,552.5016
12.6633,64.3012,550.1806
12.6637,64.4596,550.8328
12.6998,64.3384,519.8497
12.7638,64.0227,494.1392
12.7533,63.7842,472.4228
12.7479,63.5262,457.6571
12.7838,63.3167,465.4625
12.8650,63.0765,468.6075
13.0082,62.6699,468.1000
13.1537,62.1383,460.6893
13.2832,61.5350,452.9070
13.3928,60.9055,446.2669
13.4931,60.4265,445.4084
13.5855,60.1050,445.4360
13.6856,59.8089,444.6479
13.7778,59.6042,447.3510
13.8448,59.5395,446.5426
13.9084,59.4578,447.9297
13.9657,59.3435,446.5342
14.0299,59.1931,443.5126
14.0957,59.0235,439.2388
14.1606,58.8314,434.8959
14.2230,58.6091,430.3074
14.2867,58.3531,425.7598
14.3527,58.0734,421.4279
14.4175,57.8266,417.9133
14.4805,57.6118,414.7073
14.5445,57.3971,412.0394
14.6088,57.1891,409.5481
14.6732,57.0078,407.5289
14.7365,56.8450,405.1252
14.7995,56.6872,402.5664
14.8598,56.5349,399.9385
14.9165,56.3833,397.3727
14.9698,56.2331,394.6641
15.0203,56.0871,391.5147
15.0682,55.9498,388.2554
15.1125,55.8243,385.1083
15.1540,55.7084,382.4991
15.1940,55.5974,380.7669
15.2335,55.4823,379.1885
15.2744,55.3569,377.7269
15.3151,55.2268,376.6548
15.3537,55.1063,376.8068
15.3892,54.9944,377.3335
15.4256,54.8760,377.6989
15.4625,54.7576,377.9487
15.4961,54.6526,377.9082
15.5252,54.5675,377.7647
15.5499,54.5037,377.6393
15.5709,54.4614,377.3953
15.5880,54.4537,377.0829
15.6021,54.4567,376.8181
15.6132,54.4610,376.2328
15.6222,54.4645,375.5968
15.6289,54.4652,374.7879
15.6344,54.4577,373.9696
15.6394,54.4392,373.1440
15.6445,54.4086,372.2405
15.6496,54.3683,371.1476
15.6546,54.3233,370.0532
15.6589,54.2787,368.9710
15.6628,54.2379,368.1487
15.6673,54.2054,367.9532
15.6727,54.1756,367.8606
15.6805,54.1438,367.8505
15.6891,54.1139,367.8552
15.6968,54.0914,367.7255
15.7033,54.0772,367.6917
15.7083,54.0735,367.5649
15.7123,54.0806,367.4921
15.7148,54.0990,367.5302
15.7156,54.1262,367.6219
15.7150,54.1594,367.7308
15.7133,54.1968,367.9411
15.7106,54.2349,368.1421
15.7070,54.2677,367.8464
15.7034,54.2935,367.5236
15.6992,54.3097,367.7213
15.6941,54.3195,367.9276
15.6901,54.3292,367.9241
15.6870,54.3409,368.0609
15.6808,54.5027,369.5137
15.6662,54.8928,370.7804
15.6468,55.5175,372.1581
15.6184,56.3683,373.5041
15.5676,57.5137,374.5409
15.4865,58.9450,375.5667
15.3802,60.5270,379.6478
15.2555,62.0831,381.5912
15.1271,63.5208,384.2910
14.9922,64.7243,384.7759
14.8608,65.5723,385.3306
14.7423,66.0237,385.7415
14.6765,65.9711,395.5145
14.6408,65.7577,396.1285
14.6475,65.3030,391.0040
14.6882,64.6602,383.7540
14.7331,63.9670,379.9995
14.7759,63.3417,377.7271
14.8335,62.8059,376.5435
14.9030,62.3822,375.0734
14.9716,62.0565,374.6973
15.0311,61.8091,375.2204
15.0844,61.6035,375.3042
15.1412,61.4151,374.6673
15.2030,61.2314,374.0519
15.2667,61.0406,373.9504
15.3325,60.8060,374.3300
15.4020,60.5246,374.8978
15.4763,60.1941,375.4489
15.5547,59.8024,375.7261
15.6356,59.3649,376.1360
15.7120,58.9576,379.4221
15.7785,58.5996,382.2549
15.8451,58.2440,382.8668
15.9162,57.8865,384.2175
15.9841,57.5529,385.0165
16.0463,57.3254,385.4458
16.1043,57.1659,381.1926
16.1630,57.0264,374.8336
16.2114,56.8789,367.5916
16.2506,56.7294,363.0719
16.2831,56.5949,360.5393
16.3183,56.4490,354.6631
16.3621,56.2999,349.0691
16.3963,56.1594,342.4330
16.4239,56.0010,334.2358
16.4512,55.8278,325.0845
16.4791,55.6569,315.4142
16.5057,55.4919,304.5567
16.5294,55.3458,292.5817
16.5572,55.2206,289.1593
16.5691,55.0830,287.1863
16.5998,54.9216,286.0311
16.6459,54.7613,284.9251
16.6956,54.6213,285.3766
16.7379,54.5051,286.2080
16.7801,54.4171,287.3129
16.8230,54.3693,288.6413
16.8632,54.3675,290.1548
16.8953,54.4327,291.5184
16.9182,54.5408,293.2155
16.9303,54.6807,295.1746
16.9320,54.8549,297.3264
16.9294,55.1263,307.9005
16.9103,55.3814,313.0927
16.9199,55.5308,319.7892
16.9276,55.6067,326.4238
16.9255,55.6442,333.7815
16.9187,55.6867,340.9360
16.9170,55.6758,347.3817
16.9191,55.6155,353.0714
16.9168,55.5541,358.6504
16.9087,55.4788,363.5192
16.8997,55.3757,367.0601
16.8947,55.2610,371.1552
16.8840,55.2466,384.9970
16.8484,55.3095,383.2443
16.8383,55.3530,382.0315
16.8050,55.4708,381.9240
16.7497,55.6326,382.9034
16.6940,55.8186,382.7260
16.6516,56.0243,382.1439
16.6102,56.2494,381.4788
16.5615,56.4805,380.9346
16.5081,56.7062,380.4815
16.4542,56.9220,380.2016
16.4029,57.1323,380.1298
16.3539,57.3381,380.2518
16.3061,57.5363,380.5423
16.2587,57.7271,380.9510
16.2116,57.9122,381.4345
16.1649,58.0926,381.9484
16.1185,58.2695,382.4530
16.0725,58.4436,382.9136
16.0266,58.6158,383.3039
15.9808,58.7863,383.6072
15.9350,58.9551,383.8180
15.8892,59.1221,383.9377
15.8437,59.2871,383.9760
15.7984,59.4496,383.9453
15.7537,59.6093,383.8617
15.7097,59.7658,383.7422
15.6665,59.9187,383.6041
15.6240,60.0706,383.6394
15.5810,60.2345,384.6267
15.5362,60.4129,386.2049
15.4956,60.5607,387.1357
15.4615,60.6816,388.6580
15.4278,60.8049,390.3678
15.3943,60.9280,391.9942
15.3625,61.0433,394.4492
15.3309,61.1519,397.4360
15.3000,61.2539,399.3946
15.2720,61.3453,401.7158
15.2436,61.4293,403.8713
15.2158,61.4994,405.9928
15.1900,61.5561,407.9233
15.1673,61.6000,409.8031
15.1470,61.6321,411.6273
15.1293,61.6519,413.4261
15.1172,61.5234,413.6932
15.1174,61.1586,415.4937
15.1309,60.5473,418.7399
15.1665,59.6875,423.3628
15.2314,58.5932,428.0617
15.3273,57.3490,433.4268
15.4457,56.1141,439.1349
15.5774,54.9997,444.0505
15.7091,54.0839,447.6358
15.8347,53.3745,449.0950
15.9483,52.8682,449.7428
16.0429,52.5547,449.7735
16.1205,52.4019,449.9398
16.1814,52.4302,452.2742
16.2236,52.5827,455.1566
16.2498,52.8183,450.2614
16.2706,53.0395,446.7456
16.2679,53.1985,442.2481
16.2565,53.3855,442.3865
16.2362,53.5609,441.4474
16.2295,53.6671,440.5293
16.2217,53.7200,439.2981
16.2092,53.7381,438.7021
16.1911,53.7511,438.7128
16.1733,53.7651,439.4208
16.1584,53.7876,440.3184
16.1448,53.8253,441.2388
16.1292,53.8828,442.0711
16.1096,53.9593,442.7943
16.0855,54.0612,443.6577
16.0572,54.1849,444.3675
16.0269,54.3175,444.8990
15.9949,54.4543,445.3879
15.9614,54.5870,445.9104
15.9306,54.6812,447.3278
15.8981,54.7934,448.5863
15.8670,54.9078,449.3725
15.8373,55.0114,450.3901
15.8057,55.1220,451.9123
15.7733,55.2341,453.1821
15.7432,55.3347,454.3221
15.7143,55.4292,455.5890
15.6850,55.5234,456.9304
15.6557,55.6174,458.2710
15.6261,55.7214,460.7776
15.5940,55.8471,465.1149
15.5606,55.9872,472.7874
15.5264,56.1298,481.7208
15.5037,56.3940,605.2332
15.3278,57.1744,786.4941
15.3389,58.1504,956.8186
15.5853,58.3097,1099.2328
15.8119,58.6979,1255.6703
15.6204,59.8213,1389.1213
15.2322,60.7816,1521.3046
14.2817,62.4670,1631.7496
13.9185,64.0684,1407.3323
14.7110,63.1071,1175.5270
13.1062,64.0598,1054.8108
12.6458,64.9131,1067.9319
12.6572,65.7445,1146.5281
12.9968,68.4418,1217.4749
13.1252,69.2907,1292.0922
12.8116,69.1674,1330.6879
12.8397,69.5657,1358.3207
12.6288,70.3035,1372.1317
12.1787,71.3975,1385.6345
11.6771,72.6265,1398.5461
11.5078,73.8087,1398.6138
11.5802,74.5280,1396.2444
11.5059,75.2946,1395.5029
11.2422,76.3544,1402.5900
10.8026,77.0527,1223.5724
11.2956,76.5823,1079.8470
10.8648,77.6061,1008.7432
10.1661,79.9466,1000.2756
9.8371,81.5476,1027.2708
9.7429,83.0641,1028.3324
9.8697,84.3448,1027.1523
9.8463,84.9815,1013.0094
9.7714,85.4161,996.7850
9.6268,85.8309,984.0450
9.4768,86.1085,977.9000
9.3745,86.3045,974.6642
9.3750,86.3972,966.8670
9.4310,86.3006,959.7613
9.4293,86.0819,952.1575
9.3985,85.6916,947.4055
9.4055,84.8670,855.4583
9.5999,83.8159,791.7114
9.5773,83.2845,741.4440
9.5826,82.9052,715.5887
9.5696,82.6215,727.7733
9.5972,82.5365,733.3449
9.7632,82.4440,733.9761
9.8603,82.0711,727.0159
9.9115,81.6236,721.4346
9.9250,81.2294,715.7808
9.9297,80.8969,710.7049
9.9509,80.6203,706.7461
10.0410,80.2560,651.8561
10.1786,79.6695,612.4702
10.2151,79.1672,576.0898
10.2753,78.6428,551.5432
10.3487,78.1432,555.5758
10.4691,77.7159,557.6122
10.6656,77.1181,554.0082
10.8430,76.3921,550.0872
10.9869,75.6332,549.5986
11.1111,75.0026,554.0854
11.2390,74.4423,553.1619
11.3722,73.9319,552.0296
11.4844,73.5244,553.8452
11.5753,73.2094,555.1118
11.6482,72.9526,556.3601
11.7025,72.7958,557.9049
11.7431,72.7804,558.7145
11.7712,72.9008,560.7036
11.7916,73.0333,563.4432
11.8087,73.1012,567.3026
11.8262,72.9500,569.0950
11.8498,72.4721,571.0457
11.8768,71.6605,571.9376
11.9158,70.5508,571.9920
11.9661,69.1784,570.3568
12.0251,67.6191,568.3309
12.0907,65.9621,566.4855
12.1618,64.3300,563.3175
12.2371,62.8157,561.2574
12.3058,61.3929,558.9622
12.3694,59.9844,559.2665
12.3807,59.0456,553.4988
12.3651,58.2218,549.9226
12.3119,57.4621,545.5948
12.2496,56.7760,541.8919
12.1844,56.1708,535.9532
12.1248,55.6409,532.7684
12.0567,55.1970,530.6022
11.9900,54.7799,529.9985
11.9253,54.3435,528.5043
11.8631,53.9096,527.4102
11.7991,53.4541,524.9579
11.7391,53.0755,523.4966
11.6777,52.8320,521.8265
11.6088,52.9479,521.7762
11.5351,53.1829,520.3671
11.4769,53.3447,520.5292
11.4302,53.4684,520.4624
11.4074,53.5809,519.8501
11.4076,53.6911,515.2015
11.4305,53.6842,510.5934
11.4514,53.5510,502.4794
11.4775,53.3410,494.4509
11.4987,53.1397,485.2809
11.5256,52.9163,477.0669
11.5591,52.6331,470.0336
11.5925,52.4166,463.6602
11.6218,52.2820,457.6838
11.6453,52.2022,451.8324
11.6621,52.1623,446.2328
11.6715,52.1578,441.0406
11.6756,52.1846,436.5538
11.6746,52.2703,432.2991
11.6731,52.4133,428.7824
11.6703,52.5727,424.7025
11.6688,52.7096,421.5869
11.6656,52.8052,419.0707
11.6655,52.8447,416.9519
11.6696,52.8126,414.7064
11.6777,52.7159,412.5417
11.6870,52.5741,410.4805
11.6969,52.4066,408.5877
11.7073,52.2318,406.8161
11.7181,52.0656,405.1344
11.7287,51.9198,403.4980
11.7384,51.8011,401.8815
11.7465,51.7122,400.3797
11.7531,51.6525,399.1283
11.7581,51.6159,397.9768
11.7627,51.5927,396.8223
11.7671,51.5735,395.4902
11.7716,51.5491,393.8214
11.7762,51.5161,392.0953
11.7810,51.4729,390.6123
11.7857,51.4213,389.1461
11.7917,51.3606,387.9412
11.7985,51.2906,386.7837
11.8063,51.2133,385.6628
11.8147,51.1220,383.5931
11.8252,51.0048,379.4337
11.8394,50.8883,375.1777
11.8509,50.7936,370.9571
11.8618,50.7262,368.7552
11.8716,50.6990,370.4575
11.8795,50.6894,373.4705
11.8937,50.6576,375.9216
11.9166,50.8038,407.0230
11.8765,51.1152,437.7521
11.8748,51.3788,467.9506
11.8881,51.6233,497.2372
11.8706,51.2355,436.7449
11.9566,50.4151,397.5516
11.8967,50.0816,372.1296
11.7899,50.1399,356.5613
11.7561,50.5597,366.8353
11.7595,51.0209,372.9806
11.7861,51.2459,372.1083
11.7924,51.2377,365.3170
11.7920,51.0549,360.2844
11.7864,50.7760,356.4393
11.8103,50.4853,354.0050
11.8586,50.2269,352.0433
11.9127,50.0112,350.1632
11.9583,49.8355,348.1668
11.9875,49.6862,346.0899
12.0064,49.5696,344.0345
12.0240,49.4949,342.1259
12.0439,49.4622,340.4212
12.0651,49.4590,338.7906
12.0860,49.4666,337.1370
12.1060,49.4678,335.3922
12.1251,49.4502,333.5227
12.1445,49.4077,331.6354
12.1646,49.3392,329.8016
12.1861,49.2463,328.0846
12.2090,49.1335,326.5293
12.2332,49.0057,325.0436
12.2583,48.8680,323.5641
12.2845,48.7268,321.8689
12.3133,48.5833,320.1433
12.3427,48.4468,318.2057
12.3727,48.3230,316.3465
12.4021,48.2135,314.5816
12.4311,48.1160,312.9681
12.4598,48.0263,311.3904
12.4887,47.9394,309.7943
12.5178,47.8504,308.0227
12.5472,47.7548,305.8994
12.5786,47.6436,303.6956
12.6104,47.5266,301.5396
12.6397,47.5357,300.1013
12.6617,47.7526,298.3002
12.6804,48.2014,296.2642
12.6948,48.8770,294.1838
12.7041,49.7087,292.3870
12.7110,50.6288,291.4399
12.7141,51.5989,289.7776
12.7193,52.5792,288.5408
12.7217,53.5361,287.4397
12.7245,54.4509,287.4299
12.7311,55.3230,288.6444
12.7467,56.0250,287.0407
12.7817,56.4854,287.3556
12.8124,56.7038,287.2339
12.8423,56.6975,287.3377
12.8736,56.5199,287.4449
12.9056,56.2293,287.5615
12.9379,55.8687,287.1801
12.9762,55.4451,285.7898
13.0213,54.9983,283.3702
13.0697,54.5730,280.2100
13.1208,54.1863,276.6559
13.1838,53.7982,275.3228
13.2496,53.4391,273.1028
13.3255,53.1189,269.8796
13.4122,52.8094,264.1002
13.5094,52.4796,258.1172
13.6062,52.1066,250.9987
13.7115,51.6776,244.1610
13.8180,51.2222,234.9139
13.9419,50.7142,228.3084
14.0655,50.0920,221.2390
14.1951,49.5355,220.7399
14.3037,48.9912,221.5114
14.4410,48.4244,227.1221
14.5848,47.8011,228.1307
14.7786,47.2072,230.5794
14.9500,46.8974,225.7425
15.1361,46.6776,224.7838
15.3071,46.2154,218.7654
15.5182,45.5509,208.9602
15.7247,45.0633,205.0335
15.8697,44.7545,201.1688
16.0423,44.3574,199.1959
16.2149,44.0252,198.4497
16.3768,43.7857,197.5865
16.5371,43.5743,195.4395
16.7071,43.3484,196.5464
16.8618,43.0931,201.6001
17.0179,42.7232,203.0680
17.2069,42.3057,199.5096
17.3894,41.9504,199.4789
17.4918,41.6489,198.1444
17.5804,41.3218,194.3996
17.6712,40.9791,189.4111
17.7416,40.6974,183.2193
17.7957,40.4341,176.4398
17.8413,40.1320,168.6945
17.8861,39.8002,160.4641
17.9405,39.4432,157.2580
17.9979,38.9956,161.8110
18.0376,38.5888,158.4095
18.1616,38.3478,156.9584
18.2359,38.0902,154.4234
18.3074,37.8342,153.5340
18.3635,37.5983,152.7579
18.4318,37.4072,152.0745
18.5056,37.2389,151.8303
18.5751,37.0861,152.0559
18.6380,36.9531,152.7424
18.6962,36.8406,153.8326
18.7522,36.7431,155.2660
18.8062,36.6565,157.0696
18.8572,36.5799,159.3084
18.9048,36.5127,161.8773
18.9500,36.4530,164.7725
18.9909,36.4538,171.0329
19.0089,36.4531,173.7462
19.0583,36.4494,176.6981
19.0867,36.4174,179.6542
19.1053,36.3643,182.2786
19.1244,36.3210,185.0350
19.1430,36.2744,187.4625
19.1624,36.2259,189.6515
19.1783,36.1748,191.5903
19.1901,36.1480,193.7625
19.1982,36.1071,195.4137
19.2105,36.0419,197.0249
19.2229,35.9619,199.3523
19.2328,35.8677,202.0083
19.2351,35.8608,204.4547
19.2365,35.8684,206.6179
19.2396,35.8436,208.8732
19.2405,35.7995,211.1357
19.2410,35.7571,213.3428
19.2423,35.7212,215.4950
19.2440,35.6895,217.6040
19.2454,35.6618,219.6741
19.2460,35.6391,221.7066
19.2463,35.6217,223.7036
19.2464,35.6092,225.6684
19.2463,35.6007,227.6044
19.2461,35.5955,229.5159
19.2449,35.5934,231.3853
19.2422,35.5947,233.2447
19.2376,35.5981,235.1079
19.2312,35.6008,236.9749
19.2235,35.6005,238.8506
19.2145,35.5951,240.7385
19.2040,35.5928,242.8666
19.1883,35.6354,246.0113
19.1678,35.6686,248.1472
19.1559,35.6797,250.6114
19.1407,35.6826,253.2824
19.1243,35.6833,255.8288
19.1102,35.6802,258.2925
19.0975,35.6719,260.6885
19.0852,35.6573,263.0089
19.0732,35.6364,265.2347
19.0617,35.6095,267.3621
19.0542,35.4492,268.3734
19.0560,35.1336,269.6963
19.0567,34.6970,270.9250
19.0617,34.1671,272.0414
19.0728,33.5616,273.0027
19.0894,32.9000,273.9622
19.1077,32.2213,275.9560
19.1208,31.5821,278.0475
19.1328,31.0655,280.4981
19.1403,30.6553,282.0468
19.1485,30.3143,283.1049
19.1508,30.0240,283.5627
19.1495,29.7721,283.1967
19.1478,29.5511,282.1595
19.1448,29.3635,280.7931
19.1391,29.2047,278.9505
19.1327,29.0671,276.7997
19.1254,28.9453,274.4326
19.1154,28.8629,272.3519
19.0987,28.8674,271.4688
19.0762,28.8907,269.5136
19.0641,28.9139,268.0328
19.0464,28.9480,266.4636
19.0280,28.9919,265.1824
19.0077,29.0395,263.9323
18.9883,29.0898,262.8025
18.9685,29.1416,261.7960
18.9482,29.1937,260.9135
18.9273,29.2452,260.1423
18.9061,29.2953,259.4738
18.8846,29.3438,258.8947
18.8580,29.4058,257.7548
18.8259,29.4925,256.3955
18.7885,29.5773,255.7492
18.7443,29.6537,254.9353
18.7019,29.7311,254.1806
18.6588,29.8128,253.4959
18.6142,29.8971,252.8898
18.5678,29.9851,252.3297
18.5192,30.0880,251.7653
18.4683,30.2111,251.2712
18.4142,30.3606,251.1483
18.3554,30.5363,251.2100
18.2940,30.7344,251.4179
18.2252,30.9633,251.7833
18.1498,31.2106,252.3670
18.0702,31.4654,253.1281
17.9936,31.6749,252.5331
18.1521,32.1552,479.2991
17.3515,34.2196,671.6910
17.5888,35.6985,892.2347
17.6289,35.2489,1009.9192
17.5806,34.8358,727.2526
17.7391,35.0337,582.1242
16.5598,37.6508,479.1939
15.3701,38.7198,493.6506
15.1311,38.8347,537.4650
15.6781,39.4217,571.7410
15.7488,39.5609,609.8513
15.3869,39.9611,602.3583
15.0727,40.7255,617.2385
14.7867,41.6189,607.0165
14.5228,42.4384,591.4229
14.1741,43.3891,581.1431
13.8275,43.7082,496.8695
13.7056,43.1775,488.2421
13.3203,42.8140,437.6815
13.1827,42.8082,421.6235
12.9016,43.3117,438.3605
12.6761,43.6671,450.9279
12.5689,43.9259,456.8873
12.5138,44.1262,455.2399
12.4857,44.2879,454.2111
12.4431,44.4523,452.7837
12.4246,44.5505,455.9155
12.4128,44.6926,454.6691
12.4208,44.8168,453.7783
12.4184,44.8764,452.6746
12.3998,44.9508,452.7755
12.3662,45.0530,453.2675
12.3320,45.1761,453.0432
12.2977,45.3167,451.0539
12.2595,45.4732,448.4156
12.2116,45.6613,445.4034
12.1622,45.5475,397.4308
12.2164,45.1701,358.1250
12.2046,44.8228,331.3861
12.1735,44.7482,311.4943
12.1680,44.8420,291.5635
12.1976,44.9742,274.5499
12.2099,45.0473,263.7578
12.1909,44.9738,249.6603
12.2146,44.9157,247.4414
12.2104,44.7837,242.8565
12.2714,44.5698,239.6341
12.3591,44.2790,237.3159
12.4531,43.9359,235.7427
12.5448,43.5585,234.3472
12.6358,43.1762,233.0249
12.7243,42.8160,231.8710
12.8063,42.4901,230.5762
12.8827,42.2219,229.0044
12.9508,42.0288,227.3095
13.0091,41.9150,225.5836
13.0582,41.8741,224.1178
13.0987,41.8938,223.2387
13.1316,41.9512,222.6710
13.1612,42.0212,222.3641
13.1886,42.0831,222.3465
13.2140,42.1227,222.6293
13.2384,42.1312,223.1041
13.2633,42.1059,223.7084
13.2908,42.0525,225.8514
13.3162,41.9637,229.0801
13.3440,41.8408,230.9555
13.3815,41.7146,232.1898
13.4160,41.5982,233.6177
13.4415,41.4901,234.9864
13.4642,41.3945,236.2796
13.4867,41.3169,237.5291
13.5025,41.3931,238.8405
13.5027,41.7038,238.7419
13.4906,42.2609,237.7784
13.4593,43.0435,236.7251
13.4175,43.9284,236.0529
13.3758,44.8469,235.7266
13.3311,45.8420,235.7176
13.2823,46.9478,236.5409
13.2313,48.1039,236.9233
13.1956,49.2045,238.8877
13.1656,50.1879,239.7973
13.1508,51.0581,241.5159
13.1358,51.8563,242.7023
13.1232,52.6025,244.8679
13.1077,53.3081,247.3847
13.0961,53.9615,249.7390
13.0883,54.6260,251.5220
13.0893,55.2334,252.3371
13.1011,55.7811,252.9382
13.1224,56.2819,253.9215
13.1581,56.7371,255.1840
13.2118,57.1191,254.2594
13.2898,57.3440,252.3388
13.3793,57.3821,251.1284
13.4408,57.4021,247.1309
13.5082,57.2656,249.1180
13.5978,56.6739,252.1179
13.7384,55.7137,257.8075
13.9127,54.6405,265.9623
14.1100,53.5494,276.2715
14.3223,52.5666,290.5150
14.4930,51.9378,292.0566
14.6581,51.5033,289.3590
14.7777,51.2374,292.2739
14.8338,51.0436,292.6119
14.8973,50.9480,293.0077
14.9886,50.8272,298.3275
15.0764,50.6649,302.6768
15.1631,50.5170,305.9584
15.2422,50.4251,308.9919
15.3066,50.3710,311.8542
15.3614,50.3321,314.2778
15.4138,50.3022,316.3806
15.4654,50.2767,318.3229
15.5151,50.2468,320.1743
15.5627,50.2042,322.0300
15.6079,50.1429,323.9239
15.6517,50.0615,325.8765
15.6944,49.9563,327.8339
15.7357,49.8336,329.8671
15.7732,49.7058,331.6199
15.8069,49.5830,333.4059
15.8356,49.4724,335.2151
15.8609,49.3731,337.3178
15.8836,49.2836,339.4308
15.9050,49.2086,341.3383
15.9249,49.1487,343.1320
15.9420,49.1018,344.7593
15.9562,49.0641,346.2560
15.9683,49.0322,347.6169
15.9790,48.9968,348.8155
15.9881,48.9657,349.5237
15.9967,48.9351,350.3399
16.0032,48.9019,350.9503
16.0098,48.8629,351.7045
16.0166,48.8183,352.6523
16.0243,48.7671,353.6839
16.0331,48.7098,354.7562
16.0425,48.6492,355.8297
16.0518,48.5886,356.8439
16.0607,48.5305,357.8123
16.0690,48.4774,358.7134
16.0767,48.4305,359.5385
16.0836,48.3908,360.2828
16.0898,48.3582,360.9490
16.0951,48.3321,361.5403
16.0994,48.3117,361.9940
16.1029,48.2965,362.2470
16.1057,48.2855,362.4074
16.1077,48.2771,362.4937
16.1089,48.2700,362.3910
16.1099,48.2649,361.9796
16.1105,48.2619,361.4858
16.1103,48.2603,360.9434
16.1100,48.2574,360.5510
16.1105,48.2502,360.5041
16.1120,48.2372,360.5920
16.1153,48.2184,360.8096
16.1195,48.1964,361.0691
16.1239,48.1734,361.2783
16.1282,48.1512,361.4878
16.1320,48.1313,361.6760
16.1353,48.1146,361.7323
16.1382,48.1031,361.5471
16.1404,48.0976,361.2774
16.1413,48.0975,360.9379
16.1414,48.1009,360.5452
16.1413,48.1063,360.1142
16.1411,48.1125,359.6756
16.1410,48.1182,359.2475
16.1409,48.1228,358.7401
16.1408,48.1272,358.0562
16.1407,48.1318,357.3508
16.1403,48.1366,356.6391
16.1399,48.1409,355.9344
16.1398,48.1443,355.2451
16.1402,48.1470,354.5917
16.1408,48.1490,353.9818
16.1420,48.1491,353.5837
16.1447,48.1382,353.5762
16.1494,48.1144,353.7022
16.1560,48.0883,353.9294
16.1759,48.0424,367.3026
16.1771,47.9730,378.2494
16.2168,47.8212,392.7682
16.2574,47.7359,416.8247
16.2449,47.7305,406.2325
16.2812,47.5644,382.7302
16.2558,47.6088,360.1849
16.1544,47.9191,354.9786
16.0458,48.1009,349.9893
16.0334,47.9233,342.2215
16.0702,47.4717,338.2777
16.0962,46.7266,337.6392
16.1285,45.7082,338.9843
16.1836,44.5945,340.9061
16.2624,43.5353,342.6668
16.3368,42.6397,342.9440
16.4035,41.8068,345.7059
16.4473,41.0105,347.4036
16.4867,40.2410,348.2970
16.5121,39.5992,348.6347
16.5232,38.9861,347.8275
16.5244,38.3612,346.1498
16.5149,37.7529,343.7225
16.4973,37.1859,340.0490
16.4664,36.7633,336.7493
16.4177,36.4872,332.1828
16.3629,36.3302,326.9149
16.2974,36.2893,321.0114
16.2213,36.3653,314.4453
16.1382,36.5400,307.0682
16.0527,36.8058,299.9848
15.9531,37.2705,293.1806
15.8575,37.7325,286.0763
15.7789,38.1072,279.0923
15.7112,38.3660,273.4712
15.6438,38.5837,268.2696
15.5829,38.7877,263.6534
15.5287,38.9710,259.3787
15.4818,39.1315,255.6691
15.4400,39.2716,252.4073
15.3985,39.4051,248.3633
15.3539,39.5529,242.9474
15.3091,39.6943,238.6554
15.2531,39.8239,234.1609
15.1952,39.9810,227.5914
15.1576,40.0824,222.1404
15.1191,40.1422,216.1858
15.0865,40.2312,210.1097
15.0467,40.3764,199.4972
15.0264,40.5565,190.4728
14.9865,40.7112,181.8732
14.9514,40.8413,172.7573
14.9337,40.9651,163.8319
14.9269,41.0858,156.6064
14.9225,41.2065,150.9160
14.9378,41.2678,147.3317
14.9676,41.2781,144.1377
15.0178,41.2809,142.3981
15.0684,41.2728,141.5850
15.1315,41.1849,141.7586
15.1991,41.0474,142.3539
15.2651,40.9195,142.8508
15.3256,40.8547,145.0871
15.3667,40.8042,146.5560
15.4176,40.7458,148.0682
15.4642,40.6819,150.7993
15.5019,40.6199,154.2708
15.5423,40.5619,158.2265
15.5934,40.5180,167.1614
15.6473,40.4269,184.5495
15.7124,40.2597,205.2261
15.8217,40.0936,229.2311
15.9294,40.0220,255.0014
16.0304,39.9337,284.3553
16.1053,39.8387,317.3177
16.1302,39.8462,341.8324
16.1275,39.7830,348.9003
16.1134,39.4566,380.4489
15.9449,39.6641,385.3316
15.8182,39.7842,373.0084
15.6932,39.8939,337.5617
15.5534,40.0773,315.0171
15.3506,40.2738,305.0945
15.1784,40.4031,290.6551
15.0935,40.6359,284.9641
14.9906,40.8708,280.8199
14.8926,41.0463,278.7596
14.7984,41.1779,277.7001
14.7142,41.2171,263.5627
14.7009,41.2620,255.4555
14.6354,41.3766,246.3050
14.5788,41.5009,237.8456
14.5513,41.6534,238.9988
14.5077,41.8009,238.9690
14.5092,41.9444,240.4930
14.5189,42.0604,243.1308
14.5273,42.1306,246.3197
14.5354,42.1500,249.1594
14.5496,42.1330,251.8062
14.5647,42.0895,254.1898
14.5781,42.0267,256.1820
14.5896,41.9536,257.7081
14.5981,41.8777,258.8373
14.6046,41.7995,260.0909
14.6109,41.7019,262.6311
14.6081,41.6212,261.9395
14.6141,41.5844,261.1120
14.6105,41.5788,260.5466
14.5997,41.5793,260.2187
14.5898,41.5806,259.7308
14.5846,41.5887,259.1595
14.5810,41.6036,258.5757
14.5768,41.6207,258.0494
14.5723,41.6356,257.6407
14.5683,41.6458,257.2935
14.5663,41.6508,256.9594
14.5659,41.6511,256.5350
14.5664,41.6478,255.9078
14.5672,41.6421,255.2004
14.5679,41.6337,254.5056
14.5688,41.6213,253.9314
14.5708,41.6041,253.5778
14.5739,41.5818,253.3111
14.5785,41.5560,253.0326
14.5837,41.5293,252.5901
14.5885,41.5043,251.8291
14.5929,41.4828,250.9453
14.5962,41.4638,250.0860
14.5960,41.5425,249.5767
14.5920,41.6664,248.2986
14.5930,41.7856,247.1984
14.5926,41.8839,246.3693
14.5916,41.9583,245.6460
14.5928,42.0082,244.7530
14.5974,42.0351,243.8336
14.6039,42.0376,243.1812
14.6113,42.0140,242.7012
14.6201,41.9718,241.8807
14.6321,41.9200,241.0562
14.6440,41.8623,240.2498
14.6553,41.8010,239.4659
14.6667,41.7395,238.7077
14.6784,41.6806,237.9973
14.6899,41.6282,237.3655
14.7005,41.5863,236.8200
14.7103,41.5523,236.3166
14.7196,41.5228,235.8780
14.7284,41.4960,235.5056
14.7369,41.4703,235.2033
14.7455,41.4436,234.9756
14.7544,41.4163,234.8025
14.7637,41.3890,234.6569
14.7735,41.3617,234.5562
14.7836,41.3342,234.5251
14.7939,41.3062,234.5036
14.8047,41.2778,234.4745
14.8157,41.2490,234.3987
14.8267,41.2199,234.2354
14.8378,41.1908,234.0322
14.8486,41.1619,233.8023
14.8594,41.1333,233.5868
14.8702,41.1052,233.4327
14.8813,41.0774,233.3009
14.8928,41.0500,233.1878
14.9046,41.0226,233.0950
14.9164,40.9953,233.0211
14.9283,40.9678,232.9621
14.9403,40.9404,232.9152
14.9523,40.9129,232.8789
14.9642,40.8855,232.8521
14.9762,40.8583,232.8340
14.9881,40.8313,232.8243
15.0002,40.8047,233.0238
15.0129,40.7758,233.7079
15.0255,40.7453,234.4920
15.0401,40.7155,235.3243
15.0553,40.6865,236.2236
15.0695,40.6572,237.1888
15.0825,40.6271,238.1294
15.0947,40.5973,239.0108
15.1059,40.5685,239.7857
15.1160,40.5412,240.4092
15.1246,40.5160,240.9278
15.1317,40.4927,241.3598
15.1376,40.4716,241.7060
15.1423,40.4541,241.9759
15.1462,40.4403,242.1934
15.1490,40.4297,242.3725
15.1513,40.4218,242.6251
15.1530,40.4158,243.0693
15.1541,40.4106,243.5591
15.1558,40.4057,244.0638
15.1575,40.4012,244.5623
15.1587,40.3972,245.0434
15.1591,40.3935,245.4878
15.1588,40.3904,245.8842
15.1576,40.3879,246.0595
15.1557,40.3862,245.8299
15.1530,40.3862,245.4510
15.1484,40.3880,244.9828
15.1425,40.3902,244.3758
15.1368,40.3928,243.5337
15.1317,40.3983,242.6181
15.1260,40.4064,241.7145
15.1202,40.4158,240.9067
15.1151,40.4258,240.2893
15.1110,40.4354,239.7806
15.1085,40.4441,239.3661
15.1076,40.4513,239.2046
15.1075,40.4565,239.4644
15.1080,40.4584,239.8724
15.1105,40.4571,240.3531
15.1140,40.4528,240.7396
15.1173,40.4456,240.8483
15.1202,40.4364,240.8431
15.1214,40.4262,240.7473
15.1215,40.4159,240.4997
15.1212,40.4064,240.0458
15.1209,40.3987,239.5145
15.1198,40.3927,238.9497
15.1183,40.3881,238.4074
15.1170,40.3849,237.9452
15.1161,40.3826,237.5318
15.1161,40.3808,237.1662
15.1169,40.3791,237.0168
15.1184,40.3768,237.2625
15.1202,40.3727,237.6423
15.1240,40.3668,238.0891
15.1286,40.3590,238.4418
15.1329,40.3490,238.5206
15.1366,40.3377,238.4919
15.1388,40.3258,238.3806
15.1396,40.3138,237.9909
15.1401,40.3027,237.1204
15.1405,40.2939,236.0985
15.1391,40.2874,235.0151
15.1369,40.2830,234.0761
15.1354,40.2807,233.5075
15.1349,40.2792,233.1013
15.1369,40.2776,232.8215
15.1404,40.2751,232.6237
15.1446,40.2704,232.4449
15.1492,40.2632,232.3000
15.1540,40.2538,232.1747
15.1593,40.2425,232.1227
15.1649,40.2297,232.2110
15.1707,40.2154,232.3375
15.1772,40.2000,232.4775
15.1797,40.3094,232.8864
15.1748,40.5767,232.7524
15.1693,40.9745,232.4320
15.1610,41.4755,232.0694
15.1507,42.0591,231.8928
15.1415,42.7044,232.0773
15.1295,43.4899,233.3829
15.1104,44.4051,234.7659
15.0962,45.3582,235.2672
15.0814,46.4118,235.3492
15.0534,47.5824,234.8627
15.0416,48.5854,233.9583
15.0424,49.4848,232.5444
15.0462,50.3685,230.2497
15.0585,51.1696,227.0157
15.0318,52.1025,221.0752
15.0006,52.7983,217.6380
14.9795,53.0967,215.6761
15.0012,52.9584,212.1710
15.0946,52.3728,207.5938
15.2170,51.7365,209.7759
15.3099,51.1515,211.9101
15.4428,50.4820,216.6350
15.6174,49.5825,222.4001
15.8248,48.5536,228.4899
16.0350,47.6452,235.1691
16.2307,46.9261,241.4405
16.4148,46.3401,247.2134
16.5700,45.9596,251.8150
16.6963,45.7057,255.1291
16.8009,45.5134,258.7740
16.8783,45.4130,262.0262
16.9373,45.3921,263.6627
16.9885,45.4121,264.7082
17.0273,45.4565,265.2521
17.0576,45.5081,266.3562
17.0842,45.5437,268.5493
17.1111,45.5380,269.9408
17.1426,45.4937,271.3719
17.1707,45.4122,272.2563
17.1976,45.2989,273.5477
17.2211,45.1710,274.9306
17.2442,45.0510,275.6779
17.2697,44.9443,277.0114
17.2905,44.8588,278.5153
17.3078,44.8046,280.5789
17.3200,44.7901,282.9333
17.3279,44.8190,285.5623
17.3305,44.8859,288.3997
17.3275,44.9885,291.5511
17.3182,45.1231,294.8376
17.3038,45.2829,298.1993
17.2848,45.4596,301.4254
17.2621,45.6425,304.2725
17.2364,45.8230,306.8921
17.2077,45.9953,309.3044
17.1770,46.1555,311.5269
17.1453,46.3021,313.5876
17.1126,46.4431,315.8513
17.0806,46.5577,318.9144
17.0506,46.6282,321.3998
17.0271,46.6582,323.8810
17.0055,46.6626,326.2562
16.9846,46.6506,328.5401
16.9642,46.6314,330.5768
16.9445,46.6147,332.3120
16.9245,46.6088,333.8637
16.9030,46.6193,335.2504
16.8794,46.6477,336.0636
16.8536,46.6960,335.8718
16.8238,46.7693,335.3013
16.7895,46.8591,334.4445
16.7531,46.9627,333.5875
16.7161,47.0761,332.4904
16.6816,47.1852,330.8759
16.6493,47.2869,328.1445
16.6195,47.3816,326.1701
16.5880,47.4698,325.6964
16.5572,47.5411,325.8522
16.5338,47.5890,326.5076
16.5163,47.6164,327.7292
16.5008,47.6269,329.5460
16.4864,47.6244,331.6556
16.4739,47.6161,333.8589
16.4629,47.6111,336.0043
16.4517,47.6171,337.9496
16.4390,47.6395,339.7150
16.4237,47.6816,341.2781
16.4079,47.7198,341.3506
16.3917,47.7783,340.7388
16.3689,47.8711,339.2356
16.3407,47.9875,337.1904
16.3079,48.1223,333.8488
16.2769,48.2375,328.1727
16.2497,48.3448,322.4876
16.2180,48.4504,315.9341
16.1892,48.5439,310.2386
16.1639,48.6231,306.9437
16.1421,48.6766,304.9017
16.1307,48.6951,303.8839
16.1279,48.6802,303.2322
16.1303,48.6381,302.1595
16.1360,48.5835,301.0393
16.1409,48.5346,299.7988
16.1464,48.4840,298.2513
16.1498,48.4415,292.4467
16.1570,48.4402,284.7603
16.1515,48.5002,276.1601
16.1326,48.6156,267.5538
16.1085,48.7765,260.1266
16.0832,48.9659,253.1382
16.0529,49.2613,248.8921
16.0189,49.5148,246.0951
16.0016,49.6084,243.7815
16.0040,49.5717,242.6135
16.0168,49.4648,242.1322
16.0432,49.3024,243.2916
16.0807,49.0763,244.5917
16.1331,48.7847,245.9915
16.1922,48.4702,246.7697
16.2606,47.9921,244.6997
16.3471,47.2645,240.0819
16.4473,46.2958,235.1226
16.5573,45.1372,232.5964
16.6672,43.8696,228.0980
16.8102,42.4961,224.1937
16.9636,41.0415,218.1054
17.1348,39.5702,214.0362
17.2962,38.1367,213.3586
17.4469,36.8185,212.1384
17.6035,35.7805,212.7896
17.7336,35.0301,215.7846
17.8448,34.4182,216.3962
17.9689,33.8506,217.3077
18.0602,33.3727,216.4744
18.1371,32.9417,216.8906
18.1892,32.5026,216.7163
18.2366,32.0619,216.2246
18.2748,31.6147,215.5528
18.3022,31.2147,215.4026
18.3148,30.9191,215.4696
18.3201,30.7218,215.3624
18.3229,30.5959,215.2314
18.3211,30.5304,215.1907
18.3120,30.5107,214.9577
18.2908,30.6562,223.5472
18.2017,30.8529,221.6319
18.1905,31.0775,222.0707
18.1298,31.2576,222.6599
18.0560,31.4140,222.9143
17.9892,31.5494,222.3426
17.9356,31.6791,221.8454
17.8818,31.8128,221.5428
17.8251,31.9660,221.1174
17.7677,32.1397,220.5766
17.7076,32.3450,220.1477
17.6445,32.5737,219.7163
17.5804,32.8087,219.2539
17.5248,32.9531,216.2755
17.4876,33.0722,215.1347
17.4314,33.1911,213.8242
17.3807,33.3056,212.3787
17.3353,33.4018,211.0249
17.2913,33.4772,209.8100
17.2479,33.5327,208.7055
17.2064,33.5726,207.6912
17.1673,33.6001,206.7610
17.1301,33.6269,206.1793
17.0930,33.7081,208.6052
17.0474,33.7879,211.3404
17.0214,33.8154,213.1810
17.0100,33.8004,214.8504
16.9953,33.7743,216.6175
16.9749,33.7533,218.1214
16.9553,33.7325,218.9039
16.9395,33.7205,219.5533
16.9210,33.7360,220.0829
16.9004,33.7811,220.3429
16.8795,33.8505,220.4933
16.8572,33.9386,220.6165
16.8338,34.0406,220.7602
16.8098,34.1526,220.9567
16.7858,34.2708,221.2301
16.7619,34.3913,221.5911
16.7385,34.5113,222.0388
16.7157,34.6284,222.5652
16.6936,34.7412,223.1580
16.6722,34.8487,223.8027
16.6516,34.9503,224.4844
16.6318,35.0460,225.1902
16.6126,35.1358,225.9083
16.5941,35.2203,226.6294
16.5762,35.2997,227.3470
16.5589,35.3747,228.0561
16.5421,35.4480,228.6942
16.5262,35.5208,229.2582
16.5108,35.5928,229.6763
16.4965,35.6616,230.1450
16.4822,35.7262,230.5260
16.4690,35.7883,230.8563
16.4564,35.8484,231.1455
16.4445,35.9068,231.4719
16.4328,35.9635,231.8539
16.4216,36.0186,232.1033
16.4118,36.0723,232.3776
16.4018,36.1244,232.6467
16.3920,36.1748,232.9102
16.3826,36.2237,233.1693
16.3736,36.2710,233.4302
16.3649,36.3172,233.7004
16.3561,36.3630,233.9684
16.3479,36.4080,234.3351
16.3396,36.4539,234.8239
16.3312,36.5013,235.3526
16.3235,36.5437,235.6745
16.3176,36.5805,236.0308
16.3110,36.6128,236.3721
16.3044,36.6445,236.6963
16.2980,36.6752,237.0152
16.2920,36.7034,237.3454
16.2863,36.7284,237.6935
16.2808,36.7505,238.0605
16.2758,36.7697,238.4453
16.2710,36.7863,238.8457
16.2666,36.8013,239.3149
16.2625,36.8166,239.9242
16.2584,36.8326,240.6052
16.2549,36.8492,241.3298
16.2520,36.8685,242.2817
16.2488,36.8951,243.7084
16.2448,36.9296,245.3694
16.2421,36.9701,247.1676
16.2226,36.9110,229.6835
16.3198,37.1206,268.5281
16.1391,37.4119,298.9525
16.1765,37.7769,331.4061
16.3061,38.1623,427.3447
16.2265,38.7923,483.1782
16.2719,39.2935,533.3880
16.2258,39.8277,577.6462
16.0414,40.1440,432.6552
15.9826,39.7009,394.7922
15.4670,40.0371,361.3793
15.2876,40.0678,350.2693
15.3011,40.1923,353.8023
15.3549,40.3745,356.1314
15.3370,40.3379,378.8109
15.2119,40.0850,377.9325
15.2328,39.7891,368.5272
15.2789,39.5856,356.9709
15.2904,39.5371,349.1170
15.2542,39.5813,344.4196
15.2282,39.6322,341.9790
15.2240,39.6806,341.8554
15.2188,39.7279,341.8981
15.2053,39.7874,341.9998
15.1842,39.8620,343.1299
15.1612,39.9616,346.3555
15.1391,40.0804,350.6317
15.1238,40.2084,355.3561
15.1121,40.3463,360.4602
15.0971,40.4946,365.5008
15.0775,40.6455,370.5942
15.0521,40.7918,374.8758
15.0245,40.9352,379.5332
14.9918,41.0839,385.4075
14.9553,41.2301,392.1564
14.9185,41.3676,398.8347
14.8811,41.4983,403.9957
14.8391,41.6387,406.0941
14.7844,41.8597,409.4114
14.7013,42.1781,413.6620
14.6106,42.4704,418.0084
14.5251,42.7603,427.0738
14.4324,43.0990,437.4252
14.3435,43.4681,448.5516
14.2382,43.4288,398.8216
14.2538,43.0883,366.0051
14.1142,42.8797,328.6072
13.9922,42.8596,309.8606
13.8927,43.0900,315.5016
13.8136,43.4217,326.8057
13.7645,43.7901,335.4993
13.7250,44.1766,339.9759
13.6867,44.5480,343.6303
13.6309,44.8877,347.5230
13.5748,45.2161,352.3111
13.5219,45.5304,358.3417
13.4775,45.7660,362.9351
13.4390,45.9644,363.5217
13.3988,46.1241,363.1237
13.3419,46.2607,362.7369
13.2749,46.3868,363.7025
13.2079,46.5594,364.3859
13.1550,46.7161,366.6124
13.1075,46.8534,369.6407
13.0620,46.9782,372.0825
13.0215,47.0811,373.7361
12.9844,47.1685,375.3630
12.9475,47.2505,377.1674
12.9114,47.3286,378.9303
12.8783,47.3968,380.0694
12.8511,47.4234,380.3420
12.8247,47.4609,379.6270
12.7961,47.5224,378.3430
12.7654,47.5910,376.0516
12.7376,47.6624,373.7602
12.7114,47.7396,371.1855
12.6876,47.8243,369.3356
12.6638,47.9270,369.3009
12.6384,48.0418,370.1270
12.6160,48.1509,370.9742
12.5973,48.2406,370.9214
12.5814,48.2994,369.2598
12.5667,48.3319,366.8627
12.5506,48.3540,364.4671
12.5333,48.3776,362.4846
12.5170,48.4090,360.9874
12.5024,48.4480,359.6984
12.4891,48.4902,358.3997
12.4759,48.5322,356.7960
12.4629,48.5680,354.5671
12.4509,48.5964,352.0592
12.4395,48.6228,349.5856
12.4284,48.6511,347.3786
12.4183,48.6828,345.5669
12.4092,48.7154,343.9513
12.4014,48.7446,342.3672
12.3946,48.7703,340.9962
12.3882,48.7959,340.2024
12.3813,48.8206,339.7204
12.3759,48.8408,339.2958
12.3725,48.8509,338.3375
12.3707,48.8429,336.1902
12.3704,48.8200,333.4808
12.3687,48.7928,330.7713
12.3656,48.7725,328.8839
12.3622,48.7714,328.6013
12.3586,48.7861,329.0945
12.3580,48.8034,329.6121
12.3600,48.8085,329.0292
12.3635,48.7844,326.2599
12.3684,48.7356,322.4765
12.3705,48.6807,318.7046
12.3706,48.6435,316.8942
12.3694,48.6537,319.1346
12.3661,48.7017,323.3436
12.3689,48.7549,327.5667
12.3782,48.7903,330.4779
12.3882,48.7930,331.5036
12.3955,48.7675,331.7238
12.3979,48.7321,332.0023
12.3978,48.6965,332.1505
12.3998,48.6577,331.3396
12.4052,48.6177,329.9638
12.4091,48.5831,328.4613
12.4091,48.5589,327.4056
12.4066,48.5513,327.2932
12.4039,48.5583,327.6447
12.4039,48.5715,328.0076
12.4044,48.7181,328.9030
12.3983,49.0590,328.0676
12.3909,49.5915,326.2263
12.3775,50.3030,324.0719
12.3556,51.1705,322.5904
12.3267,52.1619,322.4373
12.2946,53.2272,322.9795
12.2631,54.3109,323.6181
12.2266,55.4499,324.5285
12.1821,56.6090,325.6917
12.1374,57.6776,327.0112
12.1088,58.5391,328.7730
12.0922,59.2795,330.1505
12.0802,59.9980,331.3925
12.0757,60.7057,331.0684
12.0786,61.3770,330.7778
12.0707,62.1068,327.7491
12.0298,63.0980,325.5021
11.9720,64.1990,325.7487
11.9262,65.1504,327.0767
11.9082,65.8927,329.5511
11.9102,66.6207,336.1134
11.9216,67.3164,340.1599
11.9524,67.9487,345.5995
12.0099,68.4891,349.0955
12.0851,68.9195,346.3366
12.1745,69.3067,343.0029
12.2716,69.6816,341.4832
12.3742,70.0253,341.2305
12.4845,70.4108,344.3309
12.6072,70.6653,345.6000
12.7397,70.6715,348.4762
12.8574,70.5598,356.4171
12.9620,70.2123,360.2242
13.0751,69.6550,366.8434
13.1885,69.0722,373.8505
13.2932,68.5230,382.6499
13.3907,68.0484,390.9426
13.4964,67.4945,398.5758
13.5956,67.0543,403.7596
13.6756,66.8605,406.5240
13.7345,66.8302,412.1215
13.7806,66.7506,415.4089
13.8252,66.5881,418.2009
13.8677,66.4197,420.3357
13.9067,66.2564,423.3642
13.9437,66.0804,426.4273
13.9841,65.8714,429.3440
14.0291,65.6310,431.7805
14.0766,65.3664,433.7311
14.1244,65.0866,435.4828
14.1712,64.7934,436.9186
14.2178,64.4886,438.7535
14.2633,64.2302,441.6467
14.3097,63.9827,445.6780
14.3596,63.7174,450.8962
14.4121,63.4419,455.6962
14.4628,63.1733,455.4123
14.5077,62.9354,453.9742
14.5351,62.7741,452.1663
14.5493,62.6790,450.3791
14.5581,62.6322,446.3568
14.5673,62.6091,442.2737
14.5709,62.6061,438.1090
14.5695,62.5976,432.1591
14.5659,62.5549,421.3888
14.5595,62.4865,408.2841
14.5438,62.4226,394.8148
14.5224,62.3570,382.1756
14.5069,62.2770,371.3304
14.5035,62.1768,361.3489
14.5118,62.0524,350.8318
14.5347,61.8939,337.7108
14.5738,61.6579,320.9108
14.6180,61.4290,303.4477
14.6646,61.2153,293.7797
14.7003,61.0612,282.1048
14.7651,60.8955,271.2870
14.8370,60.8628,268.3640
14.8848,60.9878,273.8442
14.9392,61.0880,281.5765
15.0276,61.1234,288.9773
15.1360,61.1450,299.1155
15.2426,61.1429,314.8849
15.3477,61.0306,329.5983
15.4762,60.7387,344.7386
15.6339,60.2748,378.3706
15.8004,59.6410,434.2711
15.9230,58.9545,392.1458
16.0556,58.2398,347.2943
16.0177,58.2320,332.4537
15.8197,58.5105,331.3221
15.7261,58.6205,335.0891
15.8084,58.6915,357.8299
15.9002,58.5861,367.4987
15.9853,58.3011,365.3955
16.0417,57.9995,362.5286
16.0507,57.7426,362.4731
16.0594,57.5433,364.5287
16.1030,57.4461,368.6370
16.1705,57.3963,373.6658
16.2351,57.3622,380.5714
16.2762,57.3495,384.6784
16.3017,57.3436,390.7433
16.3129,57.3635,395.4465
16.3252,57.3881,401.4238
16.3366,57.4214,407.3160
16.3469,57.4608,413.2976
16.3510,57.5100,419.0899
16.3475,57.5708,424.5427
16.3367,57.6435,429.4506
16.3202,57.7068,433.7943
16.2994,57.7607,438.0176
16.2743,57.8116,442.1069
16.2459,57.8726,445.7024
16.2159,57.9408,448.9567
16.1851,57.9985,451.9305
16.1531,58.0477,454.1119
